# Nonaffine Squared Displacement (92 data points):
# Position "Nonaffine Squared Displacement"
3.3630981445 0.0 
10.0892944336 0.0 
16.8154907227 0.0 
23.5416870117 0.0 
30.2678833008 0.0 
36.9940795898 0.0 
43.7202758789 0.0 
50.446472168 0.0 
57.172668457 0.0 
63.8988647461 0.0 
70.6250610352 7.1872200372 
77.3512573242 88.7483500338 
84.0774536133 192.5422167733 
90.8036499023 226.6066685836 
97.5298461914 218.2161368275 
104.2560424805 228.1194311193 
110.9822387695 232.2435841119 
117.7084350586 224.826766165 
124.4346313477 220.8179266565 
131.1608276367 225.7292150622 
137.8870239258 228.4666452144 
144.6132202148 228.3302929665 
151.3394165039 230.2841221822 
158.065612793 219.476181176 
164.791809082 215.5127557271 
171.5180053711 219.6601134997 
178.2442016602 222.6572940529 
184.9703979492 226.9641926367 
191.6965942383 221.5159828337 
198.4227905273 235.4786750158 
205.1489868164 224.0141905447 
211.8751831055 216.5479445267 
218.6013793945 226.8987882506 
225.3275756836 230.5685341081 
232.0537719727 226.7104716997 
238.7799682617 229.7932476931 
245.5061645508 233.3417833742 
252.2323608398 226.6666356484 
258.9585571289 224.5651034252 
265.684753418 229.2688822507 
272.410949707 226.6356694573 
279.1371459961 218.9940956805 
285.8633422852 220.6918817359 
292.5895385742 246.8882297607 
299.3157348633 252.8944374856 
306.0419311523 249.0377144137 
312.7681274414 254.3246664938 
319.4943237305 263.8896604561 
326.2205200195 263.4290112329 
332.9467163086 271.7558250792 
339.6729125977 268.1756532542 
346.3991088867 269.5776377376 
353.1253051758 259.1803480044 
359.8515014648 258.7174629287 
366.5776977539 242.5324831259 
373.303894043 208.7945286116 
380.030090332 190.0980057759 
386.7562866211 198.5741417501 
393.4824829102 206.7335981933 
400.2086791992 203.3783081202 
406.9348754883 203.0312984914 
413.6610717773 194.9846951508 
420.3872680664 196.6173335189 
427.1134643555 210.8876379402 
433.8396606445 202.9591400023 
440.5658569336 186.9876211907 
447.2920532227 202.1404474105 
454.0182495117 209.1995051884 
460.7444458008 208.6485236922 
467.4706420898 206.238124093 
474.1968383789 209.708779737 
480.923034668 211.4913185631 
487.649230957 199.3587320734 
494.3754272461 197.3589384656 
501.1016235352 204.6813872244 
507.8278198242 202.6227778787 
514.5540161133 206.3555758944 
521.2802124023 207.0181480198 
528.0064086914 201.5332397312 
534.7326049805 208.3904286538 
541.4588012695 206.4499746761 
548.1849975586 215.1636517384 
554.9111938477 203.8105190611 
561.6373901367 199.883074308 
568.3635864258 206.5874733005 
575.0897827148 208.3107866405 
581.8159790039 216.0654889853 
588.542175293 202.3344796161 
595.268371582 198.6642942782 
601.9945678711 180.443010991 
608.7207641602 77.9184670902 
615.4469604492 6.3457701606 
