# Nonaffine Squared Displacement (92 data points):
# Position "Nonaffine Squared Displacement"
3.3630981445 0.0 
10.0892944336 0.0 
16.8154907227 0.0 
23.5416870117 0.0 
30.2678833008 0.0 
36.9940795898 0.0 
43.7202758789 0.6444664086 
50.446472168 16.7236609149 
57.172668457 143.6813679062 
63.8988647461 214.2094517518 
70.6250610352 219.591396074 
77.3512573242 219.7325855312 
84.0774536133 224.5684996164 
90.8036499023 229.7466203319 
97.5298461914 220.9105337791 
104.2560424805 216.325752233 
110.9822387695 213.2999453912 
117.7084350586 228.5260183613 
124.4346313477 218.1456948983 
131.1608276367 219.4044467571 
137.8870239258 228.7287011234 
144.6132202148 213.9806478167 
151.3394165039 216.1789751481 
158.065612793 220.984282543 
164.791809082 228.5753694869 
171.5180053711 234.5026927148 
178.2442016602 222.1998960646 
184.9703979492 225.320777214 
191.6965942383 223.3470512903 
198.4227905273 217.3978959817 
205.1489868164 232.0619306842 
211.8751831055 232.9359474748 
218.6013793945 212.580280951 
225.3275756836 217.9599096491 
232.0537719727 223.8543471035 
238.7799682617 230.7307982345 
245.5061645508 235.3508814206 
252.2323608398 236.7019673025 
258.9585571289 233.8478128255 
265.684753418 225.7446070018 
272.410949707 236.384589047 
279.1371459961 243.6092221106 
285.8633422852 240.001431095 
292.5895385742 241.1037634163 
299.3157348633 240.6178807753 
306.0419311523 241.7734216124 
312.7681274414 232.753209495 
319.4943237305 211.1126897297 
326.2205200195 212.1603188157 
332.9467163086 214.1198888612 
339.6729125977 201.2762667513 
346.3991088867 194.9817027007 
353.1253051758 204.1337026067 
359.8515014648 197.2861986518 
366.5776977539 202.3638772721 
373.303894043 202.9878180093 
380.030090332 206.7099608182 
386.7562866211 199.6619895633 
393.4824829102 189.0075820268 
400.2086791992 203.8829860432 
406.9348754883 199.1265234827 
413.6610717773 200.882065159 
420.3872680664 211.2229335511 
427.1134643555 211.2054095914 
433.8396606445 205.4919594783 
440.5658569336 207.3037737162 
447.2920532227 204.3436376788 
454.0182495117 210.5400686698 
460.7444458008 204.5353511449 
467.4706420898 206.7778321203 
474.1968383789 218.1934036489 
480.923034668 211.9891761505 
487.649230957 197.0533489438 
494.3754272461 206.2677816905 
501.1016235352 205.5846681132 
507.8278198242 195.7317317165 
514.5540161133 200.6040977558 
521.2802124023 202.7236595069 
528.0064086914 202.3359125502 
534.7326049805 211.6476778101 
541.4588012695 210.6655276466 
548.1849975586 209.4732334287 
554.9111938477 197.9921658349 
561.6373901367 200.792472048 
568.3635864258 205.6940940637 
575.0897827148 194.79725188 
581.8159790039 199.9202466558 
588.542175293 207.3661027828 
595.268371582 209.2873116284 
601.9945678711 191.4174311465 
608.7207641602 79.2963788103 
615.4469604492 6.3737763254 
