# Nonaffine Squared Displacement (92 data points):
# Position "Nonaffine Squared Displacement"
3.3630981445 0.0 
10.0892944336 0.0 
16.8154907227 0.0 
23.5416870117 2.9339417639 
30.2678833008 40.1266660849 
36.9940795898 186.0360445866 
43.7202758789 207.0120201119 
50.446472168 207.3929481695 
57.172668457 211.4214274945 
63.8988647461 222.0404298708 
70.6250610352 215.615572516 
77.3512573242 209.3184914886 
84.0774536133 208.4181180002 
90.8036499023 209.8168000568 
97.5298461914 222.3733375787 
104.2560424805 215.2858276591 
110.9822387695 213.0266212032 
117.7084350586 216.2412553283 
124.4346313477 217.1220834266 
131.1608276367 227.0398979863 
137.8870239258 218.4528526517 
144.6132202148 212.4208314029 
151.3394165039 217.1570930202 
158.065612793 209.3445374303 
164.791809082 216.0410019269 
171.5180053711 224.7265165542 
178.2442016602 234.9230372229 
184.9703979492 221.0736352654 
191.6965942383 216.3755080291 
198.4227905273 207.6157709084 
205.1489868164 210.6060940557 
211.8751831055 213.0924165185 
218.6013793945 221.7976988088 
225.3275756836 223.9367493154 
232.0537719727 214.634998441 
238.7799682617 207.3336370043 
245.5061645508 212.5669302084 
252.2323608398 210.5067832163 
258.9585571289 216.4382996723 
265.684753418 215.4584753567 
272.410949707 214.6076497085 
279.1371459961 216.4852770924 
285.8633422852 220.5405745413 
292.5895385742 201.9907554904 
299.3157348633 192.8457137764 
306.0419311523 201.3893770819 
312.7681274414 211.6586491602 
319.4943237305 200.3061387277 
326.2205200195 204.0713566433 
332.9467163086 209.1523581123 
339.6729125977 199.9158211174 
346.3991088867 212.5390489106 
353.1253051758 209.2543608591 
359.8515014648 206.4935202671 
366.5776977539 209.7476022655 
373.303894043 205.0533313094 
380.030090332 206.518380164 
386.7562866211 207.0142517366 
393.4824829102 208.1093460562 
400.2086791992 192.7662914135 
406.9348754883 190.2281654506 
413.6610717773 188.5722809527 
420.3872680664 195.0837028652 
427.1134643555 202.1568357791 
433.8396606445 200.7482016054 
440.5658569336 200.9468838423 
447.2920532227 207.7419912847 
454.0182495117 202.3024235094 
460.7444458008 197.2611023229 
467.4706420898 204.2154587538 
474.1968383789 199.4900779623 
480.923034668 199.8034896246 
487.649230957 192.6297857645 
494.3754272461 207.430824017 
501.1016235352 208.2251104206 
507.8278198242 199.7127788199 
514.5540161133 199.5196083248 
521.2802124023 197.3742487931 
528.0064086914 200.1793884349 
534.7326049805 201.225796814 
541.4588012695 186.4547403743 
548.1849975586 200.8178220187 
554.9111938477 204.8758896072 
561.6373901367 199.0424454305 
568.3635864258 198.8158470552 
575.0897827148 198.3905716563 
581.8159790039 211.0576182034 
588.542175293 202.3150101138 
595.268371582 189.7564217563 
601.9945678711 174.5771159503 
608.7207641602 73.8656827281 
615.4469604492 6.0932248389 
