# Nonaffine Squared Displacement (92 data points):
# Position "Nonaffine Squared Displacement"
3.3630981445 0.0 
10.0892944336 0.0 
16.8154907227 0.0 
23.5416870117 0.0 
30.2678833008 0.0 
36.9940795898 0.0 
43.7202758789 0.0 
50.446472168 0.0 
57.172668457 0.0 
63.8988647461 0.0 
70.6250610352 0.0 
77.3512573242 0.0 
84.0774536133 0.0 
90.8036499023 0.0 
97.5298461914 0.0 
104.2560424805 0.0 
110.9822387695 0.0 
117.7084350586 0.0 
124.4346313477 0.0 
131.1608276367 0.0 
137.8870239258 0.0 
144.6132202148 0.0 
151.3394165039 0.0 
158.065612793 4.6592031811 
164.791809082 57.5357437493 
171.5180053711 238.3821737052 
178.2442016602 281.9155686533 
184.9703979492 279.6221328767 
191.6965942383 274.9792482314 
198.4227905273 270.7382576801 
205.1489868164 268.6503878812 
211.8751831055 274.8413428156 
218.6013793945 263.1499788421 
225.3275756836 258.5397026121 
232.0537719727 266.1447796874 
238.7799682617 264.2067457449 
245.5061645508 262.910257723 
252.2323608398 253.2372091821 
258.9585571289 246.0681196854 
265.684753418 264.3157061611 
272.410949707 266.8906891672 
279.1371459961 265.8305151729 
285.8633422852 262.6123917935 
292.5895385742 262.4140604935 
299.3157348633 245.1655832755 
306.0419311523 243.4288670393 
312.7681274414 253.9948166953 
319.4943237305 260.730521242 
326.2205200195 252.4705621532 
332.9467163086 256.4288954114 
339.6729125977 254.4354778231 
346.3991088867 248.2447275712 
353.1253051758 238.2636804158 
359.8515014648 244.8606951719 
366.5776977539 254.6305542505 
373.303894043 249.8909659145 
380.030090332 263.9519443647 
386.7562866211 272.4426424486 
393.4824829102 256.2385905737 
400.2086791992 259.1292247393 
406.9348754883 261.3103357192 
413.6610717773 268.9058958329 
420.3872680664 274.6977008633 
427.1134643555 267.0505962759 
433.8396606445 282.0745627214 
440.5658569336 292.2831758336 
447.2920532227 303.721144168 
454.0182495117 310.2463117533 
460.7444458008 328.1566596103 
467.4706420898 340.6688082406 
474.1968383789 358.447225705 
480.923034668 359.4332618003 
487.649230957 392.002710118 
494.3754272461 431.3251903132 
501.1016235352 450.8383494847 
507.8278198242 492.5021830621 
514.5540161133 526.3531267216 
521.2802124023 405.0205287443 
528.0064086914 252.673785809 
534.7326049805 201.2802232838 
541.4588012695 196.5555098684 
548.1849975586 196.3588477512 
554.9111938477 208.4616909832 
561.6373901367 199.3469796437 
568.3635864258 200.5624488201 
575.0897827148 194.4330238823 
581.8159790039 209.5847255147 
588.542175293 207.3349641405 
595.268371582 205.5501087368 
601.9945678711 195.1479157426 
608.7207641602 85.3340031853 
615.4469604492 6.9780639831 
