# Nonaffine Squared Displacement (92 data points):
# Position "Nonaffine Squared Displacement"
3.3630981445 0.0 
10.0892944336 0.0 
16.8154907227 0.0 
23.5416870117 0.0 
30.2678833008 0.0 
36.9940795898 0.0 
43.7202758789 0.0 
50.446472168 0.0 
57.172668457 0.0 
63.8988647461 0.0 
70.6250610352 0.0 
77.3512573242 0.0 
84.0774536133 0.0 
90.8036499023 0.0 
97.5298461914 0.0 
104.2560424805 0.0 
110.9822387695 0.8904188722 
117.7084350586 18.6585420068 
124.4346313477 159.3071640536 
131.1608276367 252.7526240934 
137.8870239258 260.0511100508 
144.6132202148 239.6318322207 
151.3394165039 240.1722828125 
158.065612793 235.2154590982 
164.791809082 222.1225023071 
171.5180053711 219.505400523 
178.2442016602 234.8342729658 
184.9703979492 244.4138215822 
191.6965942383 227.160983608 
198.4227905273 232.5543146456 
205.1489868164 223.562273477 
211.8751831055 228.8191613128 
218.6013793945 232.1204956452 
225.3275756836 237.844810513 
232.0537719727 235.9497605106 
238.7799682617 234.103393788 
245.5061645508 228.3344831278 
252.2323608398 238.1945786358 
258.9585571289 243.5948483389 
265.684753418 235.5944654029 
272.410949707 230.5497945106 
279.1371459961 236.6396825106 
285.8633422852 239.4614958571 
292.5895385742 245.0893363019 
299.3157348633 235.1144160428 
306.0419311523 240.9719859645 
312.7681274414 254.8763905696 
319.4943237305 250.4556382357 
326.2205200195 252.8826639474 
332.9467163086 245.3411967188 
339.6729125977 242.2550107506 
346.3991088867 250.9153671065 
353.1253051758 265.78131408 
359.8515014648 264.3217658288 
366.5776977539 282.024307217 
373.303894043 287.0897574503 
380.030090332 302.7973890484 
386.7562866211 301.8045085581 
393.4824829102 317.9114091268 
400.2086791992 331.0946614461 
406.9348754883 326.7482143337 
413.6610717773 326.7497696498 
420.3872680664 340.6354750409 
427.1134643555 337.7216334231 
433.8396606445 353.5546545082 
440.5658569336 343.4642310206 
447.2920532227 265.3528060416 
454.0182495117 221.7724233911 
460.7444458008 209.3855505444 
467.4706420898 206.4747630858 
474.1968383789 203.4673512302 
480.923034668 217.262515102 
487.649230957 206.9609159333 
494.3754272461 189.8874946128 
501.1016235352 199.2912529506 
507.8278198242 212.7219867244 
514.5540161133 220.8712171933 
521.2802124023 200.2178902103 
528.0064086914 193.4826401694 
534.7326049805 202.8552790096 
541.4588012695 200.8177338487 
548.1849975586 209.3318749742 
554.9111938477 201.3407492433 
561.6373901367 203.6329687188 
568.3635864258 211.7613670306 
575.0897827148 203.7116263716 
581.8159790039 217.607899417 
588.542175293 212.3633331566 
595.268371582 211.479179748 
601.9945678711 183.0816122687 
608.7207641602 82.3850084315 
615.4469604492 7.0869308669 
