# Nonaffine Squared Displacement (92 data points):
# Position "Nonaffine Squared Displacement"
3.3630981445 0.0 
10.0892944336 0.0 
16.8154907227 0.0 
23.5416870117 0.0 
30.2678833008 0.0 
36.9940795898 0.0 
43.7202758789 0.0 
50.446472168 0.0 
57.172668457 0.0 
63.8988647461 0.0 
70.6250610352 0.0 
77.3512573242 0.0 
84.0774536133 0.0 
90.8036499023 0.0 
97.5298461914 0.0 
104.2560424805 0.0 
110.9822387695 0.0 
117.7084350586 0.0 
124.4346313477 0.0 
131.1608276367 0.0 
137.8870239258 9.2975772148 
144.6132202148 108.4675535375 
151.3394165039 247.1111768088 
158.065612793 275.015318711 
164.791809082 265.7223237887 
171.5180053711 261.7499383093 
178.2442016602 255.9490029617 
184.9703979492 251.1205285693 
191.6965942383 240.2320319568 
198.4227905273 235.979091121 
205.1489868164 225.2258906229 
211.8751831055 233.6317320522 
218.6013793945 236.2765777301 
225.3275756836 242.6726140877 
232.0537719727 241.4232222743 
238.7799682617 239.6535421334 
245.5061645508 241.1611591178 
252.2323608398 246.1625037665 
258.9585571289 241.8786333805 
265.684753418 245.9625021566 
272.410949707 260.4136020373 
279.1371459961 255.546126628 
285.8633422852 248.3485729881 
292.5895385742 243.4456641484 
299.3157348633 239.7933918024 
306.0419311523 242.4225793679 
312.7681274414 244.7340542355 
319.4943237305 236.0584650204 
326.2205200195 251.1165900065 
332.9467163086 253.3796971693 
339.6729125977 247.7912233155 
346.3991088867 243.0668958686 
353.1253051758 252.2772803451 
359.8515014648 261.741300649 
366.5776977539 255.7280991098 
373.303894043 262.1550154356 
380.030090332 265.9367909483 
386.7562866211 262.3803100557 
393.4824829102 284.2572480133 
400.2086791992 280.7298199302 
406.9348754883 297.1377562646 
413.6610717773 294.6062507823 
420.3872680664 308.018887183 
427.1134643555 327.8165233586 
433.8396606445 347.6425854408 
440.5658569336 365.1712790764 
447.2920532227 369.3673593048 
454.0182495117 370.5189437321 
460.7444458008 397.0110477291 
467.4706420898 430.9107828894 
474.1968383789 422.4685790996 
480.923034668 388.8162138336 
487.649230957 267.0217571973 
494.3754272461 209.1487037773 
501.1016235352 206.2539401046 
507.8278198242 211.4448493418 
514.5540161133 221.0227188263 
521.2802124023 218.5263813225 
528.0064086914 206.3050903395 
534.7326049805 202.8066987928 
541.4588012695 198.4803737398 
548.1849975586 208.7228379712 
554.9111938477 218.0285712119 
561.6373901367 206.4545334374 
568.3635864258 199.0324067961 
575.0897827148 195.555351288 
581.8159790039 207.0217653831 
588.542175293 207.9842836878 
595.268371582 203.2432255923 
601.9945678711 186.0552144194 
608.7207641602 80.0969528876 
615.4469604492 6.4664047076 
