# Nonaffine Squared Displacement (92 data points):
# Position "Nonaffine Squared Displacement"
3.3630981445 0.0 
10.0892944336 0.0 
16.8154907227 0.0 
23.5416870117 0.0 
30.2678833008 0.0 
36.9940795898 0.0 
43.7202758789 0.0 
50.446472168 0.0 
57.172668457 0.0 
63.8988647461 0.0 
70.6250610352 0.0 
77.3512573242 0.0 
84.0774536133 0.0 
90.8036499023 3.6244500468 
97.5298461914 46.775661691 
104.2560424805 201.1513271231 
110.9822387695 240.1492920032 
117.7084350586 244.746647542 
124.4346313477 243.2270825256 
131.1608276367 235.6254044782 
137.8870239258 233.6220114523 
144.6132202148 245.309178802 
151.3394165039 222.9402177077 
158.065612793 222.6405972431 
164.791809082 226.237265489 
171.5180053711 230.3833457553 
178.2442016602 219.3859883355 
184.9703979492 228.4534545195 
191.6965942383 230.0701670452 
198.4227905273 223.6588019359 
205.1489868164 225.8263948164 
211.8751831055 227.9099058658 
218.6013793945 235.8884872124 
225.3275756836 236.9494897016 
232.0537719727 229.7607004793 
238.7799682617 237.258835299 
245.5061645508 228.932073892 
252.2323608398 247.8031034484 
258.9585571289 235.2483923767 
265.684753418 240.6959578396 
272.410949707 225.1981022606 
279.1371459961 243.5656655825 
285.8633422852 246.5054133708 
292.5895385742 239.3608352911 
299.3157348633 255.2909540558 
306.0419311523 255.435820921 
312.7681274414 266.0129042292 
319.4943237305 267.4720498098 
326.2205200195 257.9614706229 
332.9467163086 281.6133284172 
339.6729125977 278.5888701773 
346.3991088867 289.4605462913 
353.1253051758 290.2203740111 
359.8515014648 282.2209398527 
366.5776977539 281.5178912733 
373.303894043 298.1132096281 
380.030090332 298.7908223627 
386.7562866211 304.6861439925 
393.4824829102 308.1444428006 
400.2086791992 282.3519206952 
406.9348754883 245.8287119844 
413.6610717773 201.0609785459 
420.3872680664 200.4452522244 
427.1134643555 195.462596572 
433.8396606445 205.6124979571 
440.5658569336 199.7648831472 
447.2920532227 197.3629990449 
454.0182495117 208.4739569825 
460.7444458008 214.5727217123 
467.4706420898 217.8342248183 
474.1968383789 206.5552587522 
480.923034668 202.2138994643 
487.649230957 202.7883692147 
494.3754272461 203.7051687861 
501.1016235352 192.9510061626 
507.8278198242 205.9499098011 
514.5540161133 208.121723426 
521.2802124023 210.6850631964 
528.0064086914 207.8615617853 
534.7326049805 203.7654667939 
541.4588012695 214.9666069192 
548.1849975586 202.6405090039 
554.9111938477 195.154745141 
561.6373901367 197.651214613 
568.3635864258 206.7725661924 
575.0897827148 208.0750755989 
581.8159790039 208.9986853606 
588.542175293 210.2253976567 
595.268371582 209.4650904456 
601.9945678711 181.4085224154 
608.7207641602 79.2582764563 
615.4469604492 6.4818014828 
