# Nonaffine Squared Displacement (92 data points):
# Position "Nonaffine Squared Displacement"
4.9692412667 0.0 
14.9077238 0.0 
24.8462063333 0.0 
34.7846888667 4.8376727611 
44.7231714 76.4661332546 
54.6616539333 116.1805817685 
64.6001364666 124.3988045996 
74.538619 126.5727295247 
84.4771015333 119.2858985413 
94.4155840666 123.3564178052 
104.3540666 134.0354099452 
114.2925491333 124.6850848123 
124.2310316666 126.1251870798 
134.1695142 124.2603932538 
144.1079967333 124.3362164628 
154.0464792666 121.2726568961 
163.9849618 135.9131255464 
173.9234443333 129.9783531337 
183.8619268666 117.4888064906 
193.8004093999 119.7640748167 
203.7388919333 126.6753717287 
213.6773744666 130.4779350261 
223.6158569999 113.7091586952 
233.5543395333 120.5783113851 
243.4928220666 128.158908416 
253.4313045999 140.2408624022 
263.3697871333 135.077786298 
273.3082696666 130.9361886818 
283.2467521999 128.8953192164 
293.1852347332 131.8471756768 
303.1237172666 131.4859816371 
313.0621997999 133.0145007803 
323.0006823332 134.1261681116 
332.9391648666 133.4603075916 
342.8776473999 134.9761883615 
352.8161299332 133.3657699823 
362.7546124666 128.1339278745 
372.6930949999 133.1382591484 
382.6315775332 125.1477287078 
392.5700600666 121.8207178173 
402.5085425999 135.8923795334 
412.4470251332 137.6124551272 
422.3855076665 126.4529642966 
432.3239901999 122.9927327277 
442.2624727332 127.4423405461 
452.2009552665 130.0975283702 
462.1394377999 118.8766411861 
472.0779203332 127.8997264295 
482.0164028665 116.3354607491 
491.9548853999 134.947039434 
501.8933679332 123.5059706096 
511.8318504665 119.3841263497 
521.7703329999 121.3416937986 
531.7088155332 122.7101572171 
541.6472980665 121.4040335706 
551.5857805998 125.6783229585 
561.5242631332 124.7977318035 
571.4627456665 115.1904885447 
581.4012281998 115.5824175004 
591.3397107332 130.2729476953 
601.2781932665 109.954713541 
611.2166757998 119.4650587294 
621.1551583332 122.3446785871 
631.0936408665 131.1671873624 
641.0321233998 124.3902905034 
650.9706059331 130.8191727071 
660.9090884665 116.0737216112 
670.8475709998 127.2525365513 
680.7860535331 128.4387856816 
690.7245360665 126.1435806209 
700.6630185998 124.8217822607 
710.6015011331 125.7426157265 
720.5399836665 133.0509569012 
730.4784661998 131.923935355 
740.4169487331 133.0672188492 
750.3554312665 124.4160473964 
760.2939137998 117.7317021841 
770.2323963331 126.8206204373 
780.1708788664 120.0397767294 
790.1093613998 122.1645813148 
800.0478439331 111.3393526209 
809.9863264664 123.1370953095 
819.9248089998 131.1592465448 
829.8632915331 124.4180696388 
839.8017740664 116.7349619697 
849.7402565998 131.2501561924 
859.6787391331 127.9309008053 
869.6172216664 125.4154018391 
879.5557041998 120.5665559118 
889.4941867331 115.9434352739 
899.4326692664 98.831857492 
909.3711517997 9.4106396427 
