# Nonaffine Squared Displacement (92 data points):
# Position "Nonaffine Squared Displacement"
4.9692412667 0.0 
14.9077238 0.0 
24.8462063333 0.0 
34.7846888667 0.0 
44.7231714 0.0 
54.6616539333 0.0 
64.6001364666 0.0 
74.538619 0.0 
84.4771015333 0.0 
94.4155840666 0.4120506445 
104.3540666 28.6853115545 
114.2925491333 124.5818408696 
124.2310316666 142.183381434 
134.1695142 133.7731103408 
144.1079967333 133.7612340146 
154.0464792666 130.0639212951 
163.9849618 125.0118500802 
173.9234443333 130.0478391373 
183.8619268666 124.5543548224 
193.8004093999 124.5691923928 
203.7388919333 129.3705936998 
213.6773744666 119.11202817 
223.6158569999 127.0946319161 
233.5543395333 133.158857878 
243.4928220666 127.3798647935 
253.4313045999 140.3997967141 
263.3697871333 129.4740281156 
273.3082696666 132.5827279486 
283.2467521999 131.4280916621 
293.1852347332 129.7734811426 
303.1237172666 128.4410045332 
313.0621997999 125.4152868363 
323.0006823332 137.4594938211 
332.9391648666 130.0905689115 
342.8776473999 127.665077946 
352.8161299332 127.6676139843 
362.7546124666 131.6830554585 
372.6930949999 145.3689978455 
382.6315775332 135.5583240215 
392.5700600666 124.1485185429 
402.5085425999 130.9809066226 
412.4470251332 134.4407469497 
422.3855076665 139.3991415655 
432.3239901999 147.3684899538 
442.2624727332 153.254910062 
452.2009552665 152.6837975106 
462.1394377999 154.7814818569 
472.0779203332 167.692752026 
482.0164028665 165.8704687296 
491.9548853999 181.0015178588 
501.8933679332 165.7343000638 
511.8318504665 161.9874286258 
521.7703329999 171.8449831389 
531.7088155332 166.0883371728 
541.6472980665 131.5863047067 
551.5857805998 120.4861876729 
561.5242631332 128.0678310143 
571.4627456665 118.4192349722 
581.4012281998 125.7696604234 
591.3397107332 119.6925943525 
601.2781932665 125.7860132629 
611.2166757998 118.2718448008 
621.1551583332 122.4938036993 
631.0936408665 126.1744411999 
641.0321233998 116.7617614036 
650.9706059331 111.4763863776 
660.9090884665 126.3244056159 
670.8475709998 118.5557539019 
680.7860535331 119.453702033 
690.7245360665 117.9984525218 
700.6630185998 123.3011078812 
710.6015011331 122.1382683027 
720.5399836665 124.1533274542 
730.4784661998 129.2514518875 
740.4169487331 135.4446760504 
750.3554312665 134.9353668167 
760.2939137998 120.7353384882 
770.2323963331 121.6797621974 
780.1708788664 130.1043408925 
790.1093613998 116.3891464963 
800.0478439331 129.5751308775 
809.9863264664 131.6117936711 
819.9248089998 128.6804801824 
829.8632915331 121.9653826399 
839.8017740664 126.6550029164 
849.7402565998 124.6750250551 
859.6787391331 118.6992928961 
869.6172216664 120.5968141325 
879.5557041998 109.9240957782 
889.4941867331 119.0170610137 
899.4326692664 105.2745634388 
909.3711517997 9.4153448897 
