# Nonaffine Squared Displacement (92 data points):
# Position "Nonaffine Squared Displacement"
4.9692412667 0.0 
14.9077238 0.0 
24.8462063333 0.0 
34.7846888667 0.0 
44.7231714 0.0 
54.6616539333 0.0 
64.6001364666 1.9408624319 
74.538619 50.7301679821 
84.4771015333 117.9357875637 
94.4155840666 125.6451167993 
104.3540666 133.9713276082 
114.2925491333 129.1232610152 
124.2310316666 126.7167766772 
134.1695142 126.8832415122 
144.1079967333 133.1376611511 
154.0464792666 137.1958708876 
163.9849618 135.7703625254 
173.9234443333 123.6068505594 
183.8619268666 122.5894407896 
193.8004093999 120.0349314311 
203.7388919333 130.6713645979 
213.6773744666 122.2580610842 
223.6158569999 129.070254881 
233.5543395333 133.9900599607 
243.4928220666 130.8480228189 
253.4313045999 123.2098418913 
263.3697871333 128.3739130121 
273.3082696666 128.7639468174 
283.2467521999 123.6532037686 
293.1852347332 126.9068871424 
303.1237172666 126.7842684239 
313.0621997999 131.8275532691 
323.0006823332 116.457775089 
332.9391648666 133.6895066361 
342.8776473999 144.5694521725 
352.8161299332 128.7695930129 
362.7546124666 142.1545594363 
372.6930949999 130.6984986508 
382.6315775332 125.963860936 
392.5700600666 129.8996385311 
402.5085425999 137.850566284 
412.4470251332 139.4380620422 
422.3855076665 142.824425285 
432.3239901999 136.9671463248 
442.2624727332 138.4727765614 
452.2009552665 133.2928341045 
462.1394377999 138.4792466495 
472.0779203332 145.77165509 
482.0164028665 137.7613392651 
491.9548853999 141.5782154516 
501.8933679332 119.8742684149 
511.8318504665 124.1283355655 
521.7703329999 117.3842214123 
531.7088155332 118.8257098462 
541.6472980665 127.5265394702 
551.5857805998 124.3605307304 
561.5242631332 142.0794195187 
571.4627456665 134.9281479039 
581.4012281998 114.0454015749 
591.3397107332 122.5441998988 
601.2781932665 125.7322495689 
611.2166757998 115.4913280037 
621.1551583332 117.460866204 
631.0936408665 117.5457078793 
641.0321233998 119.5020869592 
650.9706059331 122.632729178 
660.9090884665 119.0367546771 
670.8475709998 118.2632749895 
680.7860535331 120.0590089573 
690.7245360665 133.5667952855 
700.6630185998 130.9460938268 
710.6015011331 117.5044832403 
720.5399836665 135.0032587153 
730.4784661998 118.4681241392 
740.4169487331 120.1070987194 
750.3554312665 111.5207669322 
760.2939137998 129.6582782488 
770.2323963331 122.1279532257 
780.1708788664 121.7269611411 
790.1093613998 126.6588767314 
800.0478439331 117.240349332 
809.9863264664 110.0220472131 
819.9248089998 117.8871586117 
829.8632915331 125.0815759027 
839.8017740664 128.479784448 
849.7402565998 123.0486829506 
859.6787391331 117.8083803919 
869.6172216664 117.7836460366 
879.5557041998 122.537505295 
889.4941867331 126.3166440901 
899.4326692664 103.6666466521 
909.3711517997 9.5605296941 
