# Nonaffine Squared Displacement (92 data points):
# Position "Nonaffine Squared Displacement"
4.9692412667 0.0 
14.9077238 0.0 
24.8462063333 0.0 
34.7846888667 0.0 
44.7231714 0.0 
54.6616539333 0.0 
64.6001364666 0.0 
74.538619 0.0 
84.4771015333 0.0 
94.4155840666 0.0 
104.3540666 0.0 
114.2925491333 0.0 
124.2310316666 0.0 
134.1695142 0.0 
144.1079967333 0.0 
154.0464792666 0.0 
163.9849618 5.8364247529 
173.9234443333 97.3377158099 
183.8619268666 153.8881613566 
193.8004093999 147.1950872788 
203.7388919333 150.0366178814 
213.6773744666 146.6983596343 
223.6158569999 147.1137749805 
233.5543395333 146.8183638566 
243.4928220666 144.4473262481 
253.4313045999 148.2504938119 
263.3697871333 144.0198119065 
273.3082696666 145.265198703 
283.2467521999 142.8410452015 
293.1852347332 140.232786523 
303.1237172666 145.5348325659 
313.0621997999 141.6584350788 
323.0006823332 141.7793163159 
332.9391648666 138.5308534118 
342.8776473999 137.2956612361 
352.8161299332 125.5615350013 
362.7546124666 137.0484003416 
372.6930949999 137.1576623868 
382.6315775332 131.670743951 
392.5700600666 145.4232835241 
402.5085425999 146.3828385579 
412.4470251332 145.4200380046 
422.3855076665 139.2620065657 
432.3239901999 139.4358362473 
442.2624727332 145.2510434728 
452.2009552665 149.4323974647 
462.1394377999 155.8899278269 
472.0779203332 153.8918195116 
482.0164028665 142.5651303 
491.9548853999 151.2768569789 
501.8933679332 155.3758626728 
511.8318504665 157.6451116451 
521.7703329999 162.8142228812 
531.7088155332 169.3772862872 
541.6472980665 162.9366922927 
551.5857805998 167.8412309142 
561.5242631332 197.9304911085 
571.4627456665 189.8103663397 
581.4012281998 197.0660781334 
591.3397107332 208.8635181616 
601.2781932665 210.245741135 
611.2166757998 215.5572005646 
621.1551583332 219.8772364107 
631.0936408665 251.3295559929 
641.0321233998 253.7259412683 
650.9706059331 197.4648755222 
660.9090884665 136.1607653563 
670.8475709998 133.28849707 
680.7860535331 123.3457457171 
690.7245360665 126.800249685 
700.6630185998 129.2539476251 
710.6015011331 132.2379610346 
720.5399836665 134.4697801376 
730.4784661998 125.7819048451 
740.4169487331 128.1441764534 
750.3554312665 124.8043674083 
760.2939137998 124.4611519321 
770.2323963331 115.7267185366 
780.1708788664 118.8725414694 
790.1093613998 127.7496486727 
800.0478439331 132.3178665864 
809.9863264664 116.2567397981 
819.9248089998 121.9182082953 
829.8632915331 122.4505560159 
839.8017740664 123.8323173015 
849.7402565998 126.1196803629 
859.6787391331 116.431418058 
869.6172216664 127.2415693215 
879.5557041998 115.8652865435 
889.4941867331 120.1806987734 
899.4326692664 102.0738911188 
909.3711517997 9.6257126668 
