# Nonaffine Squared Displacement (92 data points):
# Position "Nonaffine Squared Displacement"
4.9692412667 0.0 
14.9077238 0.0 
24.8462063333 0.0 
34.7846888667 0.0 
44.7231714 0.0 
54.6616539333 0.0 
64.6001364666 0.0 
74.538619 0.0 
84.4771015333 0.0 
94.4155840666 0.0 
104.3540666 0.0 
114.2925491333 0.0 
124.2310316666 0.0 
134.1695142 0.0 
144.1079967333 0.0 
154.0464792666 0.0 
163.9849618 0.0 
173.9234443333 0.0 
183.8619268666 0.0 
193.8004093999 2.3170084481 
203.7388919333 73.3544291172 
213.6773744666 172.6588792462 
223.6158569999 175.6517685536 
233.5543395333 171.3937001279 
243.4928220666 167.649175973 
253.4313045999 149.4340509532 
263.3697871333 161.854843564 
273.3082696666 154.2844769195 
283.2467521999 150.3999916687 
293.1852347332 149.9874357732 
303.1237172666 141.0800792916 
313.0621997999 146.086019377 
323.0006823332 155.6236099597 
332.9391648666 155.5736879008 
342.8776473999 164.3465768558 
352.8161299332 150.2138183099 
362.7546124666 153.7415693585 
372.6930949999 151.2727241152 
382.6315775332 144.5672756839 
392.5700600666 154.0308889317 
402.5085425999 158.1447117552 
412.4470251332 164.0118668177 
422.3855076665 156.5431686942 
432.3239901999 157.6090547012 
442.2624727332 160.0705809462 
452.2009552665 154.7026888419 
462.1394377999 156.7008182221 
472.0779203332 144.3884069736 
482.0164028665 148.230518479 
491.9548853999 152.179212944 
501.8933679332 153.6343263548 
511.8318504665 155.5658330674 
521.7703329999 146.6039735521 
531.7088155332 165.5518233419 
541.6472980665 155.3945178643 
551.5857805998 174.8663987608 
561.5242631332 165.1530324138 
571.4627456665 169.8337891366 
581.4012281998 175.5912929603 
591.3397107332 183.5001253719 
601.2781932665 174.0915513075 
611.2166757998 179.3296836591 
621.1551583332 205.6642073026 
631.0936408665 211.4284820304 
641.0321233998 203.9233845527 
650.9706059331 226.9166156566 
660.9090884665 218.7579531577 
670.8475709998 256.9247666671 
680.7860535331 267.0976774726 
690.7245360665 299.9837938882 
700.6630185998 340.2224400836 
710.6015011331 225.6482797885 
720.5399836665 135.2195228197 
730.4784661998 121.1760780408 
740.4169487331 123.9936154056 
750.3554312665 117.1515258093 
760.2939137998 124.3390981821 
770.2323963331 125.5134764508 
780.1708788664 122.0156129571 
790.1093613998 107.672022314 
800.0478439331 113.3525179538 
809.9863264664 121.3681832941 
819.9248089998 126.2257000574 
829.8632915331 120.0201765762 
839.8017740664 131.7369963594 
849.7402565998 114.2835596452 
859.6787391331 110.3555782624 
869.6172216664 127.1164616555 
879.5557041998 123.5397817182 
889.4941867331 130.9423820569 
899.4326692664 106.0971271306 
909.3711517997 8.9446009492 
