# Nonaffine Squared Displacement (92 data points):
# Position "Nonaffine Squared Displacement"
4.9692412667 0.0 
14.9077238 0.0 
24.8462063333 0.0 
34.7846888667 0.0 
44.7231714 0.0 
54.6616539333 0.0 
64.6001364666 0.0 
74.538619 0.0 
84.4771015333 0.0 
94.4155840666 0.0 
104.3540666 0.0 
114.2925491333 0.0 
124.2310316666 0.0 
134.1695142 9.5048522405 
144.1079967333 110.1494313694 
154.0464792666 133.4891143634 
163.9849618 140.3649329697 
173.9234443333 143.3542753607 
183.8619268666 134.6026723155 
193.8004093999 126.1768590464 
203.7388919333 134.4970278905 
213.6773744666 138.7222441862 
223.6158569999 134.5535451514 
233.5543395333 141.786085749 
243.4928220666 131.3791852549 
253.4313045999 122.4598643368 
263.3697871333 134.5963855878 
273.3082696666 135.5796287689 
283.2467521999 141.0773793758 
293.1852347332 127.5377595584 
303.1237172666 130.5662029549 
313.0621997999 135.8161175444 
323.0006823332 132.0949142437 
332.9391648666 123.6355237029 
342.8776473999 128.3492674533 
352.8161299332 134.322470912 
362.7546124666 131.2710433051 
372.6930949999 138.7002075672 
382.6315775332 135.3907092655 
392.5700600666 138.7766425833 
402.5085425999 133.9481410764 
412.4470251332 134.5972113707 
422.3855076665 143.7482656227 
432.3239901999 143.1295269429 
442.2624727332 139.5475387504 
452.2009552665 154.9841727279 
462.1394377999 146.7830513588 
472.0779203332 144.5295031983 
482.0164028665 147.1362665569 
491.9548853999 158.2146445247 
501.8933679332 163.5383552953 
511.8318504665 170.2172746715 
521.7703329999 187.7785904435 
531.7088155332 180.9337665122 
541.6472980665 185.9721798564 
551.5857805998 195.9524897364 
561.5242631332 207.8718171797 
571.4627456665 192.9882521053 
581.4012281998 182.8984316955 
591.3397107332 186.1281244998 
601.2781932665 122.6766245927 
611.2166757998 118.5653870145 
621.1551583332 114.1683690385 
631.0936408665 127.4018630994 
641.0321233998 121.3464621595 
650.9706059331 130.9850057303 
660.9090884665 120.353220832 
670.8475709998 122.835302117 
680.7860535331 116.6717388655 
690.7245360665 119.1025010469 
700.6630185998 128.0016861035 
710.6015011331 117.780743098 
720.5399836665 132.5564587837 
730.4784661998 133.8239991563 
740.4169487331 120.4568498539 
750.3554312665 126.0278050266 
760.2939137998 128.9923642524 
770.2323963331 122.7310800028 
780.1708788664 118.6961765601 
790.1093613998 121.6210858914 
800.0478439331 125.7963723466 
809.9863264664 116.3042297947 
819.9248089998 124.9413125561 
829.8632915331 117.4989692577 
839.8017740664 129.4044010908 
849.7402565998 118.7282306573 
859.6787391331 119.4274742094 
869.6172216664 130.9746348189 
879.5557041998 116.140290789 
889.4941867331 116.3243602613 
899.4326692664 102.8544528846 
909.3711517997 9.4684269772 
