# Nonaffine Squared Displacement (92 data points):
# Position "Nonaffine Squared Displacement"
4.9692412667 0.0 
14.9077238 0.0 
24.8462063333 0.0 
34.7846888667 0.0 
44.7231714 0.0 
54.6616539333 0.0 
64.6001364666 0.0 
74.538619 0.0 
84.4771015333 0.0 
94.4155840666 0.0 
104.3540666 0.0 
114.2925491333 0.0 
124.2310316666 0.0 
134.1695142 0.0 
144.1079967333 0.0 
154.0464792666 0.0 
163.9849618 0.0 
173.9234443333 0.0 
183.8619268666 0.0 
193.8004093999 0.0 
203.7388919333 0.0 
213.6773744666 0.0 
223.6158569999 0.3418735461 
233.5543395333 29.1665672276 
243.4928220666 174.918617614 
253.4313045999 184.4520863505 
263.3697871333 194.4828553703 
273.3082696666 178.4282831862 
283.2467521999 171.5530375406 
293.1852347332 175.9830330448 
303.1237172666 175.0139341495 
313.0621997999 176.8890203803 
323.0006823332 173.7190929327 
332.9391648666 172.2081181187 
342.8776473999 165.7902130825 
352.8161299332 170.4872313891 
362.7546124666 162.8427372641 
372.6930949999 169.5924148443 
382.6315775332 163.8770555615 
392.5700600666 166.1671099658 
402.5085425999 163.3282715001 
412.4470251332 163.1332404973 
422.3855076665 174.9321363658 
432.3239901999 175.0335733102 
442.2624727332 159.7839422768 
452.2009552665 156.0360453338 
462.1394377999 167.1862687511 
472.0779203332 160.5405636427 
482.0164028665 170.8738814428 
491.9548853999 164.4210510638 
501.8933679332 165.3104900393 
511.8318504665 175.8898310863 
521.7703329999 167.3587844827 
531.7088155332 164.8255894292 
541.6472980665 155.4414376961 
551.5857805998 161.8170587795 
561.5242631332 188.8259834843 
571.4627456665 171.2727420108 
581.4012281998 165.7699464107 
591.3397107332 176.5153417091 
601.2781932665 178.1204283064 
611.2166757998 181.6239141751 
621.1551583332 179.2889012005 
631.0936408665 180.1707575548 
641.0321233998 178.2489896762 
650.9706059331 198.7565027317 
660.9090884665 207.2305242073 
670.8475709998 213.0478220591 
680.7860535331 194.2695860426 
690.7245360665 225.6096098313 
700.6630185998 248.4075864299 
710.6015011331 272.3636176731 
720.5399836665 273.7415183754 
730.4784661998 268.0607055173 
740.4169487331 299.7532608869 
750.3554312665 342.251981416 
760.2939137998 357.9032618185 
770.2323963331 191.2317638391 
780.1708788664 126.787226924 
790.1093613998 125.9230292936 
800.0478439331 127.4188111396 
809.9863264664 138.7647872264 
819.9248089998 122.3259398391 
829.8632915331 135.0234017363 
839.8017740664 128.570553633 
849.7402565998 120.9776394559 
859.6787391331 119.8259755496 
869.6172216664 113.6930213184 
879.5557041998 116.724026755 
889.4941867331 112.651151874 
899.4326692664 99.1081467926 
909.3711517997 9.599582507 
